1001101111001111
0111110110011101
1100010110110011
1111111111111101
1110010001111111
1100111111111101
0110011010011100
0001001000101110
0111100101111001
1110111111011001
1111011000000111
0011111011111011
1010000111000001
0001010101101100
0110001110101010
1000010111101111
1110111101001010
0011100111111000
0011011110100000
0100000000000101
1010111111110111
1100010001111011
0010101111001110
0101011110001110
1110110111001001
0000110101010111
1100100110001011
1110001011110111
1001100111011000
0100111011110110
0011000001011101
0110011101111110
0110011010100001
0010101111000100
1000110000100100
1101110010000100
0100101011110011
0100100100001110
1110001110101000
1000111110111100
1111100110111011
1011011110000010
1110011100010000
0100010101010011
1000110001000111
0011110011000000
0001011011110000
1010000100100111
1011010001000100
1101110101111110
