0111110100010011
1001100000101010
1100111011011101
1111000010010101
0100100101110011
1000111011000110
0011111011101111
1001101010101010
0001101100110101
0000100001011110
1011011100101111
0010001100011110
1000100111000100
0101111110000110
1000011101011101
0101100111101001
1100010111111101
1010101101101010
1100110010101000
1110111001101010
0010010011101101
1100110101111100
0010010110010011
0100110101000101
0001001110011001
1000110100000100
0110001011111100
0001111100001101
0101110001000000
1011110111011010
1111101010101000
1000111010011000
1111011101111101
1110000111010000
0010111111011010
0110110101100110
0011001101000100
0110111111110111
0011000101011011
0101011011011111
1100001001101011
1100110111100110
0100000011001011
0100010110000101
0000111101101011
0111001101111100
1100000111001110
1000010111101110
0110000111100110
1001110110000111
